1.000 -1.583
2.000 -1.601
3.000 -1.326
4.000 0.037
5.000 -0.549
6.000 -1.270
7.000 -0.970
8.000 -0.451
9.000 -0.835
10.000 -1.159
11.000 -0.603
12.000 0.155
13.000 -0.956
14.000 -0.870
15.000 0.629
16.000 0.740
17.000 0.787
18.000 0.433
19.000 0.748
20.000 0.385
21.000 0.367
22.000 -0.968
23.000 -0.833
24.000 -1.371
25.000 -1.629
26.000 -0.345
27.000 0.763
28.000 -0.155
29.000 0.986
30.000 -0.420
31.000 0.326
32.000 0.221
33.000 -0.909
34.000 -0.667
35.000 0.086
36.000 0.478
37.000 1.480
38.000 -0.043
39.000 0.760
40.000 -0.318
41.000 1.538
42.000 -0.700
43.000 -0.731
44.000 0.410
45.000 -0.287
46.000 0.532
47.000 0.855
48.000 1.158
49.000 0.768
50.000 0.741
51.000 1.637
52.000 0.113
53.000 1.666
54.000 -0.169
55.000 -0.524
56.000 0.263
57.000 -0.200
58.000 -0.469
59.000 0.813
60.000 -0.012
61.000 1.005
62.000 -0.030
63.000 1.124
64.000 -0.266
65.000 -0.495
66.000 -0.494
67.000 0.985
68.000 -0.573
69.000 0.285
70.000 -0.199
71.000 -0.161
72.000 0.439
73.000 1.147
74.000 1.383
75.000 1.871
76.000 1.244
77.000 1.390
78.000 0.892
79.000 -0.049
80.000 0.969
81.000 0.446
82.000 -0.194
83.000 -1.115
84.000 -1.086
85.000 0.227
86.000 0.533
87.000 1.009
88.000 2.016
89.000 1.208
90.000 1.601
91.000 0.804
92.000 1.582
93.000 0.553
94.000 1.224
95.000 -0.038
96.000 -0.557
97.000 -0.266
98.000 0.573
99.000 -0.467
100.000 -0.580
101.000 -1.204
102.000 -1.245
103.000 -0.983
104.000 -0.710
105.000 -1.184
106.000 -0.417
107.000 0.274
108.000 -1.163
109.000 0.276
110.000 0.341
111.000 -1.807
112.000 -0.661
113.000 -0.001
114.000 1.463
115.000 0.295
116.000 0.881
117.000 1.017
118.000 0.690
119.000 -0.150
120.000 -1.314
121.000 -0.287
122.000 -1.867
123.000 -1.648
124.000 -1.247
125.000 -0.239
126.000 -1.055
127.000 -0.731
128.000 -1.487
129.000 -1.329
130.000 -1.673
131.000 -0.858
132.000 -1.134
133.000 0.246
134.000 -0.163
135.000 0.381
136.000 0.959
137.000 1.457
138.000 1.044
139.000 0.799
140.000 1.109
141.000 -0.323
142.000 -1.066
143.000 -0.480
144.000 0.886
145.000 -0.003
146.000 -0.764
147.000 -0.475
148.000 0.452
149.000 1.464
150.000 0.274
151.000 1.168
152.000 -0.242
153.000 0.156
154.000 1.079
155.000 1.205
156.000 -0.359
157.000 0.416
158.000 1.371
159.000 -0.663
160.000 -1.223
161.000 -0.693
162.000 -0.671
163.000 0.602
164.000 -0.339
165.000 0.216
166.000 -0.820
167.000 -1.022
168.000 0.537
169.000 0.389
170.000 1.251
171.000 1.827
172.000 1.456
173.000 1.849
174.000 0.869
175.000 1.520
176.000 1.569
177.000 0.371
178.000 -0.121
179.000 -0.446
180.000 0.498
181.000 0.149
182.000 -0.185
183.000 0.119
184.000 0.410
185.000 0.594
186.000 0.990
187.000 0.050
188.000 1.306
189.000 -0.232
190.000 -0.141
191.000 -1.557
192.000 -2.977
193.000 -2.695
194.000 -2.403
195.000 -2.244
196.000 -1.725
197.000 -2.735
