1.000000000000000000e+00 -2.567776352910503768e+00
2.000000000000000000e+00 -1.801899939792747096e+00
3.000000000000000000e+00 -1.397967163259140388e+00
4.000000000000000000e+00 -1.234807187482217294e+00
5.000000000000000000e+00 -1.024076305806018938e+00
6.000000000000000000e+00 -1.071375974297415379e+00
7.000000000000000000e+00 -1.098931158547624243e+00
8.000000000000000000e+00 -1.087393571898541689e+00
9.000000000000000000e+00 -1.061118433745994238e+00
1.000000000000000000e+01 -9.447277648520597815e-01
1.100000000000000000e+01 -4.323376225918615923e-01
1.200000000000000000e+01 -4.384709633019482911e-01
1.300000000000000000e+01 2.995777976964928424e-01
1.400000000000000000e+01 6.458098004380555812e-01
1.500000000000000000e+01 6.237403460047630244e-01
1.600000000000000000e+01 1.363065084375669977e+00
1.700000000000000000e+01 8.256148871756125995e-01
1.800000000000000000e+01 6.801273645297947201e-01
1.900000000000000000e+01 8.113603272570093505e-01
2.000000000000000000e+01 2.796325787423183939e-01
2.100000000000000000e+01 -1.485736270610031606e-01
2.200000000000000000e+01 -6.146345027226083335e-01
2.300000000000000000e+01 -5.438172855066631950e-01
2.400000000000000000e+01 2.975417884458150114e-02
2.500000000000000000e+01 -7.293773278597903351e-03
2.600000000000000000e+01 1.770441631511685820e-01
2.700000000000000000e+01 1.187076073000841586e-01
2.800000000000000000e+01 -3.269976714420209651e-01
2.900000000000000000e+01 -3.392388905175123259e-01
3.000000000000000000e+01 -3.335586384497327694e-01
3.100000000000000000e+01 -2.655286401685471032e-01
3.200000000000000000e+01 -9.547920251283026349e-02
3.300000000000000000e+01 7.789764959002507538e-01
3.400000000000000000e+01 5.950033064641826464e-01
3.500000000000000000e+01 3.867266207542754963e-01
3.600000000000000000e+01 8.277468821864607251e-02
3.700000000000000000e+01 6.454404864888220461e-02
3.800000000000000000e+01 8.091731413806424467e-01
3.900000000000000000e+01 -4.836336493127127434e-02
4.000000000000000000e+01 -4.921821831020423144e-02
4.100000000000000000e+01 -2.361397684626018525e-02
4.200000000000000000e+01 5.801040778219661576e-01
4.300000000000000000e+01 1.485111997094185066e-01
4.400000000000000000e+01 5.591746539341975186e-01
4.500000000000000000e+01 1.007478699635669939e+00
4.600000000000000000e+01 1.540834151502214144e+00
4.700000000000000000e+01 2.832825129407742004e+00
4.800000000000000000e+01 1.737448727885166910e+00
4.900000000000000000e+01 9.759953690356544254e-01
5.000000000000000000e+01 7.771865083821336562e-01
5.100000000000000000e+01 7.133960233013599828e-01
5.200000000000000000e+01 9.670237200628316321e-02
5.300000000000000000e+01 -3.177583293668360676e-01
5.400000000000000000e+01 -6.350770248930872608e-01
5.500000000000000000e+01 -7.591525422200182671e-01
5.600000000000000000e+01 -8.835696246508233376e-01
5.700000000000000000e+01 -1.457585192542921959e+00
5.800000000000000000e+01 -1.599088749648186703e+00
5.900000000000000000e+01 -9.113280975046595955e-01
6.000000000000000000e+01 -7.268173168167560982e-01
6.100000000000000000e+01 5.748952449575796958e-02
6.200000000000000000e+01 2.960600019684224149e-01
6.300000000000000000e+01 1.106333480190427654e+00
6.400000000000000000e+01 9.243254084541432380e-01
6.500000000000000000e+01 6.481849679801865438e-01
6.600000000000000000e+01 1.307846818095964814e+00
6.700000000000000000e+01 3.356369511640985293e-01
6.800000000000000000e+01 -8.170709824489276463e-02
6.900000000000000000e+01 -1.424800931393479242e-01
7.000000000000000000e+01 1.272742698850252707e-01
7.100000000000000000e+01 -6.267551967520730294e-01
7.200000000000000000e+01 -9.833786579781422788e-01
7.300000000000000000e+01 -7.404562140848199858e-01
7.400000000000000000e+01 -5.650083874856265398e-01
7.500000000000000000e+01 2.291986684330950541e-01
7.600000000000000000e+01 9.568785950277773900e-01
7.700000000000000000e+01 1.225425716979144930e+00
7.800000000000000000e+01 1.069457152801549737e+00
7.900000000000000000e+01 9.002228054860756945e-01
8.000000000000000000e+01 1.724661140267661263e+00
8.100000000000000000e+01 2.114463245189406759e+00
8.200000000000000000e+01 5.491916046770644044e-01
8.300000000000000000e+01 1.075155293041473392e+00
8.400000000000000000e+01 3.860379343304535249e-01
8.500000000000000000e+01 -6.977893962381244153e-01
8.600000000000000000e+01 -1.028957140875458087e+00
8.700000000000000000e+01 -1.147035215100797201e+00
8.800000000000000000e+01 -5.097844829590628679e-01
8.900000000000000000e+01 3.948185057667372155e-01
9.000000000000000000e+01 1.764373259732505250e+00
9.100000000000000000e+01 1.411572595498918004e+00
9.200000000000000000e+01 2.156549022830592133e+00
9.300000000000000000e+01 1.549958032562999799e+00
9.400000000000000000e+01 1.260950921360204147e+00
9.500000000000000000e+01 2.151877267735734289e+00
9.600000000000000000e+01 3.023518151492846084e-01
9.700000000000000000e+01 2.642940754360542099e-01
9.800000000000000000e+01 -5.573222374980664195e-01
9.900000000000000000e+01 -6.862097715642481166e-01
1.000000000000000000e+02 -7.381490609715368745e-01
1.010000000000000000e+02 2.931800882866302249e-01
1.020000000000000000e+02 -1.385395814166267892e+00
1.030000000000000000e+02 -1.804449417209037954e+00
1.040000000000000000e+02 -1.906983337038882453e+00
1.050000000000000000e+02 -1.757088898307599623e+00
1.060000000000000000e+02 -1.751767000303760868e+00
1.070000000000000000e+02 -1.176664464823676148e+00
1.080000000000000000e+02 -8.044253840130668465e-01
1.090000000000000000e+02 -7.880850063497251146e-01
1.100000000000000000e+02 -4.101640383250513833e-01
1.110000000000000000e+02 -5.236893075111451745e-01
1.120000000000000000e+02 -6.397154973785031951e-01
1.130000000000000000e+02 -5.370394237283444561e-01
1.140000000000000000e+02 4.254787501857085902e-02
1.150000000000000000e+02 -5.553712837743839392e-01
1.160000000000000000e+02 -6.581118445311592291e-01
1.170000000000000000e+02 2.492938718328117226e-02
1.180000000000000000e+02 1.774200220879320833e+00
1.190000000000000000e+02 1.941007256439515771e+00
1.200000000000000000e+02 1.195636354170474203e+00
1.210000000000000000e+02 1.262124929042232502e+00
1.220000000000000000e+02 1.268530223562079007e+00
1.230000000000000000e+02 1.435302925942028573e-01
1.240000000000000000e+02 -3.460712541030185052e-02
1.250000000000000000e+02 1.194906028938155895e+00
1.260000000000000000e+02 -8.177063537770596913e-01
1.270000000000000000e+02 -1.066013553103281275e+00
1.280000000000000000e+02 -9.272917735597259181e-01
1.290000000000000000e+02 -1.306413617071253919e+00
1.300000000000000000e+02 -1.416779510217836879e+00
1.310000000000000000e+02 -1.610718866982805864e+00
1.320000000000000000e+02 -1.684023748710863133e+00
1.330000000000000000e+02 -1.603293771652756217e+00
1.340000000000000000e+02 -1.640195063733104419e+00
1.350000000000000000e+02 -1.104868210611370527e+00
1.360000000000000000e+02 -5.532766887394383604e-01
1.370000000000000000e+02 1.653216299740646877e-01
1.380000000000000000e+02 7.360819935050024743e-01
1.390000000000000000e+02 1.099976091628354302e+00
1.400000000000000000e+02 1.381934978639580702e+00
1.410000000000000000e+02 1.598749413829563482e+00
1.420000000000000000e+02 1.225540395967061436e+00
1.430000000000000000e+02 1.001183752880196121e+00
1.440000000000000000e+02 2.146699497758930431e+00
1.450000000000000000e+02 1.503595378569708846e-02
1.460000000000000000e+02 -5.589393370083591828e-01
1.470000000000000000e+02 1.957767105966936316e-01
1.480000000000000000e+02 1.463220878087688748e+00
1.490000000000000000e+02 -3.072423536731748728e-01
1.500000000000000000e+02 -2.341672236685674868e-01
1.510000000000000000e+02 -2.485656873968217218e-01
1.520000000000000000e+02 2.869529481487385625e-01
1.530000000000000000e+02 4.441249198289847211e-01
1.540000000000000000e+02 7.868318425119218418e-01
1.550000000000000000e+02 9.512207695898858284e-02
1.560000000000000000e+02 -4.947521517996242985e-02
1.570000000000000000e+02 -2.194307057525355931e-01
1.580000000000000000e+02 -2.195389644671305873e-01
1.590000000000000000e+02 -2.753414646828393209e-01
1.600000000000000000e+02 1.232467952348755280e-01
1.610000000000000000e+02 -8.011118503202062646e-01
1.620000000000000000e+02 -3.963794550229206293e-02
1.630000000000000000e+02 -1.258945375389461940e+00
1.640000000000000000e+02 -1.542515898663044727e+00
1.650000000000000000e+02 -9.457155025766026402e-01
1.660000000000000000e+02 -1.018686710558912800e+00
1.670000000000000000e+02 -4.955479205869410819e-01
1.680000000000000000e+02 -8.007439916267343749e-01
1.690000000000000000e+02 -1.412014743767422975e-01
1.700000000000000000e+02 -2.828061207090928897e-01
1.710000000000000000e+02 -2.451590433344533748e-01
1.720000000000000000e+02 1.168057134333516794e-01
1.730000000000000000e+02 9.829806592361266526e-01
1.740000000000000000e+02 9.090166823099670168e-01
1.750000000000000000e+02 7.775199907228009799e-01
1.760000000000000000e+02 1.556026743979834537e+00
1.770000000000000000e+02 1.377909171948028089e+00
1.780000000000000000e+02 7.579225383972011398e-01
1.790000000000000000e+02 9.574182151734578206e-01
1.800000000000000000e+02 2.046750968407563320e+00
1.810000000000000000e+02 5.307750943661552201e-01
1.820000000000000000e+02 1.935991770051909699e-01
1.830000000000000000e+02 -1.207554801483299960e-02
1.840000000000000000e+02 1.499717025187475294e-01
1.850000000000000000e+02 5.994929855302025962e-02
1.860000000000000000e+02 -2.405604541995194912e-01
1.870000000000000000e+02 -8.457058390191751762e-02
1.880000000000000000e+02 7.610464765757542216e-02
1.890000000000000000e+02 2.412533058342803127e-01
1.900000000000000000e+02 3.656545453929808676e-01
1.910000000000000000e+02 1.610145671857524108e-01
1.920000000000000000e+02 -1.511191232516035376e-01
1.930000000000000000e+02 1.449033779680443390e-01
1.940000000000000000e+02 -2.321373016766179465e-01
1.950000000000000000e+02 -4.805561831340230405e-01
1.960000000000000000e+02 -1.268814462060553705e+00
1.970000000000000000e+02 -1.275323459854022401e+00
1.980000000000000000e+02 -2.035517351386604723e+00
1.990000000000000000e+02 -2.461651044832792401e+00
