1.000000000000000000e+00 -2.585503138432704073e+00
2.000000000000000000e+00 -1.959306861323355076e+00
3.000000000000000000e+00 -1.443092697950453696e+00
4.000000000000000000e+00 -1.022695751306102352e+00
5.000000000000000000e+00 -1.042279986540877612e+00
6.000000000000000000e+00 -1.107004299787363477e+00
7.000000000000000000e+00 -6.060607399674482476e-01
8.000000000000000000e+00 -6.179118936388214856e-01
9.000000000000000000e+00 -8.474345649260165425e-01
1.000000000000000000e+01 -8.954776762761896824e-01
1.100000000000000000e+01 -6.651759343865214502e-01
1.200000000000000000e+01 -3.228075882297988808e-01
1.300000000000000000e+01 -1.084272138269874786e+00
1.400000000000000000e+01 -9.600814849838907872e-01
1.500000000000000000e+01 -3.679550758878657457e-01
1.600000000000000000e+01 2.992491701148376482e-01
1.700000000000000000e+01 8.809293716172130750e-01
1.800000000000000000e+01 5.623747804954529750e-01
1.900000000000000000e+01 7.784496653083315953e-01
2.000000000000000000e+01 2.142089562407114567e-01
2.100000000000000000e+01 3.719214953407358904e-03
2.200000000000000000e+01 -5.620408572517233692e-01
2.300000000000000000e+01 -1.443579183929487586e+00
2.400000000000000000e+01 -1.663645984046010273e+00
2.500000000000000000e+01 -1.454191962577076946e+00
2.600000000000000000e+01 -8.813418724597421594e-01
2.700000000000000000e+01 -1.565519317920876785e-01
2.800000000000000000e+01 -1.672452028880677399e-01
2.900000000000000000e+01 1.696112698521518303e-01
3.000000000000000000e+01 -3.806931229117266891e-01
3.100000000000000000e+01 -4.814380684895347984e-01
3.200000000000000000e+01 -9.581879594954507695e-01
3.300000000000000000e+01 -1.021810378446131207e+00
3.400000000000000000e+01 -1.073536866323423489e+00
3.500000000000000000e+01 -8.332328290294467310e-01
3.600000000000000000e+01 -1.213840864038268769e-01
3.700000000000000000e+01 5.278875262759135101e-01
3.800000000000000000e+01 5.286173241073246487e-01
3.900000000000000000e+01 5.341778808286258284e-01
4.000000000000000000e+01 1.707375581361647021e-01
4.100000000000000000e+01 5.156626730121951496e-01
4.200000000000000000e+01 1.107402081310741859e-01
4.300000000000000000e+01 -4.570502338865294334e-01
4.400000000000000000e+01 -3.335926673233282624e-01
4.500000000000000000e+01 -2.342330501647345298e-01
4.600000000000000000e+01 -5.968483152708548012e-02
4.700000000000000000e+01 4.829781279090592516e-01
4.800000000000000000e+01 2.744344241913850291e-01
4.900000000000000000e+01 3.011762676367212288e-01
5.000000000000000000e+01 3.856645482463941788e-01
5.100000000000000000e+01 1.866592103700139171e+00
5.200000000000000000e+01 8.597784451616941048e-01
5.300000000000000000e+01 4.877566666963879527e-01
5.400000000000000000e+01 -1.021942867531709098e-01
5.500000000000000000e+01 -4.664697785083521953e-01
5.600000000000000000e+01 -5.838416620294786252e-01
5.700000000000000000e+01 -5.248018311511759570e-01
5.800000000000000000e+01 1.128342466033702696e+00
5.900000000000000000e+01 1.248112634477343885e+00
6.000000000000000000e+01 3.874122992720032688e-01
6.100000000000000000e+01 6.724866043610556732e-01
6.200000000000000000e+01 4.860630639341043668e-01
6.300000000000000000e+01 1.292848735263669280e+00
6.400000000000000000e+01 -8.183799942107634895e-02
6.500000000000000000e+01 -1.925328054484469753e-01
6.600000000000000000e+01 -4.929505214409671265e-01
6.700000000000000000e+01 -3.531670799562639518e-01
6.800000000000000000e+01 -7.899252144092770989e-01
6.900000000000000000e+01 -1.051327407153161309e+00
7.000000000000000000e+01 -8.410481494039705463e-01
7.100000000000000000e+01 -6.989098286500936563e-01
7.200000000000000000e+01 2.290658976922489709e-01
7.300000000000000000e+01 3.293147605594455851e-01
7.400000000000000000e+01 1.213504065891495287e+00
7.500000000000000000e+01 1.216731112873922660e+00
7.600000000000000000e+01 1.626464988928915112e+00
7.700000000000000000e+01 2.018154684806157562e+00
7.800000000000000000e+01 1.864449024627438334e+00
7.900000000000000000e+01 7.034745387711012210e-01
8.000000000000000000e+01 1.181649390163487245e+00
8.100000000000000000e+01 1.138296921014899876e+00
8.200000000000000000e+01 1.169469529153946086e+00
8.300000000000000000e+01 -2.654155745591704751e-01
8.400000000000000000e+01 -3.630775122726864756e-01
8.500000000000000000e+01 8.793988196382208633e-01
8.600000000000000000e+01 5.581137820935266891e-01
8.700000000000000000e+01 1.999709111138480599e+00
8.800000000000000000e+01 1.820037659168075361e+00
8.900000000000000000e+01 2.393831942066805052e+00
9.000000000000000000e+01 1.596253822346523910e+00
9.100000000000000000e+01 1.276396350959846160e+00
9.200000000000000000e+01 2.146761217384766773e+00
9.300000000000000000e+01 2.712668747411248193e-01
9.400000000000000000e+01 1.530150502643087829e-01
9.500000000000000000e+01 -5.186113993983100245e-01
9.600000000000000000e+01 -7.797865319305352649e-01
9.700000000000000000e+01 -7.376619375931070532e-01
9.800000000000000000e+01 5.838753320789247248e-01
9.900000000000000000e+01 -6.060401582285374067e-01
1.000000000000000000e+02 -1.143107534525845681e+00
1.010000000000000000e+02 -1.128891216224883420e+00
1.020000000000000000e+02 -6.409041695525087290e-01
1.030000000000000000e+02 -1.399659479833939013e-01
1.040000000000000000e+02 1.397953707175229598e-01
1.050000000000000000e+02 -3.572523953673641950e-01
1.060000000000000000e+02 9.624317716789915211e-02
1.070000000000000000e+02 -3.938420224313546880e-01
1.080000000000000000e+02 -7.016840939036785851e-01
1.090000000000000000e+02 -4.000357210394543950e-01
1.100000000000000000e+02 -1.591524091614230640e-01
1.110000000000000000e+02 -3.979532798682930972e-01
1.120000000000000000e+02 -5.818444070009107794e-01
1.130000000000000000e+02 -4.986099566513854664e-02
1.140000000000000000e+02 1.605144841575633530e+00
1.150000000000000000e+02 1.920139441932161795e+00
1.160000000000000000e+02 1.399336994149084079e+00
1.170000000000000000e+02 1.508569510597564500e+00
1.180000000000000000e+02 1.066629614869044618e+00
1.190000000000000000e+02 9.131243952653582685e-01
1.200000000000000000e+02 3.646770802424499913e-01
1.210000000000000000e+02 1.623243792537129915e+00
1.220000000000000000e+02 -6.241445631305004849e-01
1.230000000000000000e+02 -9.172987047058660526e-01
1.240000000000000000e+02 -1.081705436768109596e+00
1.250000000000000000e+02 -1.161088377376962022e+00
1.260000000000000000e+02 -8.301370512318739792e-01
1.270000000000000000e+02 -4.787791788670925919e-01
1.280000000000000000e+02 -4.175582125316119608e-01
1.290000000000000000e+02 -9.012102910460906280e-01
1.300000000000000000e+02 -7.748039441530036875e-01
1.310000000000000000e+02 2.383479864876701659e-01
1.320000000000000000e+02 1.862787101896182795e-01
1.330000000000000000e+02 5.162965531091000537e-01
1.340000000000000000e+02 5.237741258260126820e-01
1.350000000000000000e+02 1.261813296481408608e+00
1.360000000000000000e+02 1.372225770191517702e+00
1.370000000000000000e+02 1.549851856767767044e+00
1.380000000000000000e+02 1.338652398066153770e+00
1.390000000000000000e+02 1.126562459633020596e+00
1.400000000000000000e+02 1.763344025326456954e+00
1.410000000000000000e+02 2.544744455138676087e-01
1.420000000000000000e+02 -2.056352748568513744e-01
1.430000000000000000e+02 3.763768016763853197e-01
1.440000000000000000e+02 1.454971401138090314e+00
1.450000000000000000e+02 -2.830475745646943708e-01
1.460000000000000000e+02 -3.249817823082116752e-01
1.470000000000000000e+02 -3.727147737900163293e-01
1.480000000000000000e+02 1.958056864202090130e-01
1.490000000000000000e+02 4.643729631293825877e-01
1.500000000000000000e+02 4.051824767869732780e-01
1.510000000000000000e+02 3.525281359135316039e-01
1.520000000000000000e+02 -7.060849886326430180e-01
1.530000000000000000e+02 -8.459526687066583062e-01
1.540000000000000000e+02 -3.368927640536000245e-01
1.550000000000000000e+02 -3.725073808181577628e-01
1.560000000000000000e+02 -2.005839674296680530e-01
1.570000000000000000e+02 -5.042536146965603816e-01
1.580000000000000000e+02 -9.494704110317050971e-02
1.590000000000000000e+02 -1.205786146327287867e+00
1.600000000000000000e+02 -1.228068644227308770e+00
1.610000000000000000e+02 -1.004069999278505376e+00
1.620000000000000000e+02 -1.017495848792318469e+00
1.630000000000000000e+02 -4.636915412436007355e-01
1.640000000000000000e+02 -9.742827140496364002e-01
1.650000000000000000e+02 -5.158911612093750598e-01
1.660000000000000000e+02 -6.925599600381189269e-01
1.670000000000000000e+02 -4.479745188922786281e-01
1.680000000000000000e+02 3.173341622829629980e-03
1.690000000000000000e+02 7.404875183216489409e-01
1.700000000000000000e+02 1.184625726665214263e+00
1.710000000000000000e+02 1.407068323840712010e+00
1.720000000000000000e+02 1.737292953738676760e+00
1.730000000000000000e+02 1.507567186523633529e+00
1.740000000000000000e+02 1.036983052321833076e+00
1.750000000000000000e+02 1.089760999318364121e+00
1.760000000000000000e+02 1.155069396532765413e+00
1.770000000000000000e+02 7.143163199132465668e-02
1.780000000000000000e+02 3.333133913716153640e-01
1.790000000000000000e+02 -1.524285599965158056e-01
1.800000000000000000e+02 1.164525331406761760e-01
1.810000000000000000e+02 -6.602976955655719127e-02
1.820000000000000000e+02 -1.694815002701971773e-01
1.830000000000000000e+02 2.176384986666598798e-01
1.840000000000000000e+02 8.228613392734070997e-01
1.850000000000000000e+02 5.277372564439553049e-01
1.860000000000000000e+02 3.244631114249542092e-01
1.870000000000000000e+02 1.528143783099714381e-01
1.880000000000000000e+02 3.256898789209203282e-01
1.890000000000000000e+02 -8.270659728243207054e-02
1.900000000000000000e+02 1.314894711541342298e-01
1.910000000000000000e+02 -1.309129194882172831e+00
1.920000000000000000e+02 -1.692587506346042270e+00
1.930000000000000000e+02 -1.831765736729878746e+00
1.940000000000000000e+02 -2.444814023309656470e+00
1.950000000000000000e+02 -2.453046757435592973e+00
1.960000000000000000e+02 -2.682712823284325587e+00
1.970000000000000000e+02 -3.219484777807307463e+00
