1.000000000000000000e+00 -2.398895494002459827e+00
2.000000000000000000e+00 -1.951597141851845185e+00
3.000000000000000000e+00 -1.278773004229873500e+00
4.000000000000000000e+00 -6.132443712557076321e-01
5.000000000000000000e+00 -3.287169069452906545e-01
6.000000000000000000e+00 -8.773998881040345754e-02
7.000000000000000000e+00 -1.198785458705609319e-01
8.000000000000000000e+00 -4.487857190556815423e-01
9.000000000000000000e+00 -1.333609074836446251e-01
1.000000000000000000e+01 -6.544168013244698878e-01
1.100000000000000000e+01 -3.084350767705578700e-01
1.200000000000000000e+01 -1.163416728767592723e+00
1.300000000000000000e+01 -1.265435875983947689e+00
1.400000000000000000e+01 -1.159363860923699585e+00
1.500000000000000000e+01 -1.023163979129722900e+00
1.600000000000000000e+01 -8.607169777253388387e-01
1.700000000000000000e+01 -8.380216445160716399e-01
1.800000000000000000e+01 -7.985050981707842999e-01
1.900000000000000000e+01 -1.032276784196592301e+00
2.000000000000000000e+01 -9.800490404802713051e-01
2.100000000000000000e+01 -1.473996904452236301e+00
2.200000000000000000e+01 -1.604102620350665198e+00
2.300000000000000000e+01 -1.398859151074655971e+00
2.400000000000000000e+01 -5.022364930860825361e-01
2.500000000000000000e+01 3.674113278192666643e-01
2.600000000000000000e+01 1.036318712292455313e+00
2.700000000000000000e+01 5.844458649133138506e-01
2.800000000000000000e+01 6.818642486454170593e-01
2.900000000000000000e+01 3.017966156026267166e-01
3.000000000000000000e+01 9.703859921747346462e-01
3.100000000000000000e+01 -2.042655661676862355e-01
3.200000000000000000e+01 -1.318110283225326640e-01
3.300000000000000000e+01 1.104635069291679539e-01
3.400000000000000000e+01 -9.565868757429822622e-02
3.500000000000000000e+01 3.856245617858342078e-01
3.600000000000000000e+01 1.014529101597274607e+00
3.700000000000000000e+01 6.589451781717399204e-01
3.800000000000000000e+01 7.728316868668942963e-01
3.900000000000000000e+01 3.869105144084842296e-01
4.000000000000000000e+01 1.544135954916490805e+00
4.100000000000000000e+01 5.848665273062408909e-01
4.200000000000000000e+01 8.277620869392567915e-01
4.300000000000000000e+01 -1.333744755584691244e-01
4.400000000000000000e+01 -8.590479540880492371e-01
4.500000000000000000e+01 -9.979997886122542461e-01
4.600000000000000000e+01 -1.099229198656824780e+00
4.700000000000000000e+01 -9.532433732782589209e-01
4.800000000000000000e+01 -7.235704782561720450e-01
4.900000000000000000e+01 4.914511190900216486e-01
5.000000000000000000e+01 -4.699046608683547788e-02
5.100000000000000000e+01 6.432925668296128885e-01
5.200000000000000000e+01 7.662615158766569179e-01
5.300000000000000000e+01 1.747605987131695349e+00
5.400000000000000000e+01 3.460047302791258717e-01
5.500000000000000000e+01 -2.649563922108958414e-01
5.600000000000000000e+01 -4.607842540202758408e-01
5.700000000000000000e+01 -4.988342274480183636e-01
5.800000000000000000e+01 -2.338463694696546816e-02
5.900000000000000000e+01 -7.277835766739985113e-01
6.000000000000000000e+01 -7.229030562663403270e-01
6.100000000000000000e+01 -6.579211197145907741e-01
6.200000000000000000e+01 -6.494470672086803953e-01
6.300000000000000000e+01 1.214344265727958505e-01
6.400000000000000000e+01 -5.162857118355172747e-03
6.500000000000000000e+01 8.807643854698558039e-01
6.600000000000000000e+01 7.013408873508120145e-01
6.700000000000000000e+01 1.074371179468719406e+00
6.800000000000000000e+01 1.822924893112423117e+00
6.900000000000000000e+01 1.892754532110054289e+00
7.000000000000000000e+01 5.293714233814327264e-01
7.100000000000000000e+01 1.367824637574553970e+00
7.200000000000000000e+01 9.013332050172537802e-01
7.300000000000000000e+01 1.059205948417466070e+00
7.400000000000000000e+01 -4.183062511405205020e-01
7.500000000000000000e+01 -6.456369666497014936e-01
7.600000000000000000e+01 -1.108244277899731178e-01
7.700000000000000000e+01 4.494006696808540147e-01
7.800000000000000000e+01 2.314580134313847015e+00
7.900000000000000000e+01 1.530231629069603194e+00
8.000000000000000000e+01 2.269948296471902438e+00
8.100000000000000000e+01 1.692920634012242020e+00
8.200000000000000000e+01 1.377653322041296979e+00
8.300000000000000000e+01 2.642734189664336597e+00
8.400000000000000000e+01 6.785241820710046223e-01
8.500000000000000000e+01 7.432682694033486692e-01
8.600000000000000000e+01 7.967263867856941295e-02
8.700000000000000000e+01 -2.409337020534426388e-01
8.800000000000000000e+01 -4.536154329537522290e-01
8.900000000000000000e+01 7.750703439940295203e-01
9.000000000000000000e+01 -9.789477236083431455e-01
9.100000000000000000e+01 -1.212470567091840978e+00
9.200000000000000000e+01 -1.173953146003386294e+00
9.300000000000000000e+01 -8.959699663007968384e-01
9.400000000000000000e+01 -2.201779844451835499e-01
9.500000000000000000e+01 9.481288595709194689e-02
9.600000000000000000e+01 -4.829462953507377421e-01
9.700000000000000000e+01 -2.882737903046057523e-02
9.800000000000000000e+01 -2.858237556919285827e-01
9.900000000000000000e+01 -2.717566823787659347e-01
1.000000000000000000e+02 -2.067218563720560898e-01
1.010000000000000000e+02 3.912049981313582281e-01
1.020000000000000000e+02 -2.244822811552195652e-01
1.030000000000000000e+02 -3.855934491808709064e-01
1.040000000000000000e+02 1.673323364808638192e-01
1.050000000000000000e+02 1.892698095861985452e+00
1.060000000000000000e+02 1.951049456007247551e+00
1.070000000000000000e+02 1.298338985435737891e+00
1.080000000000000000e+02 1.328933154210237166e+00
1.090000000000000000e+02 5.691470187014172621e-01
1.100000000000000000e+02 2.778663735046384975e-01
1.110000000000000000e+02 8.061723705392896677e-02
1.120000000000000000e+02 1.776409933777149952e+00
1.130000000000000000e+02 -7.644565959095006580e-01
1.140000000000000000e+02 -1.086974339904429154e+00
1.150000000000000000e+02 -1.133583691381512271e+00
1.160000000000000000e+02 -1.099793121404736285e+00
1.170000000000000000e+02 -1.292071100393656469e+00
1.180000000000000000e+02 -1.291708303380776357e+00
1.190000000000000000e+02 -8.242705019445706327e-01
1.200000000000000000e+02 -1.643882699789186885e+00
1.210000000000000000e+02 -1.481473509629549046e+00
1.220000000000000000e+02 -5.288684657866047356e-01
1.230000000000000000e+02 -7.950376536999781418e-01
1.240000000000000000e+02 -5.660973826443234103e-01
1.250000000000000000e+02 2.944205298981387720e-01
1.260000000000000000e+02 2.372952261236954130e-01
1.270000000000000000e+02 1.424677046573419981e+00
1.280000000000000000e+02 1.503367610466931570e+00
1.290000000000000000e+02 1.607295158033257065e+00
1.300000000000000000e+02 1.195741421643166769e+00
1.310000000000000000e+02 1.419348177957077572e+00
1.320000000000000000e+02 2.500903556821805651e+00
1.330000000000000000e+02 5.912733317325387095e-01
1.340000000000000000e+02 -4.154214633847214122e-02
1.350000000000000000e+02 5.417784007926851331e-01
1.360000000000000000e+02 1.404693569395659258e+00
1.370000000000000000e+02 -1.183925073467244626e+00
1.380000000000000000e+02 -1.453634817234530807e+00
1.390000000000000000e+02 -1.277997164932618057e+00
1.400000000000000000e+02 -1.361201899641848012e+00
1.410000000000000000e+02 -9.564383511344921596e-01
1.420000000000000000e+02 -4.372512122497892451e-01
1.430000000000000000e+02 3.626764747257135157e-01
1.440000000000000000e+02 7.406820786242650501e-01
1.450000000000000000e+02 3.634063330035331441e-01
1.460000000000000000e+02 2.285486259997840386e-01
1.470000000000000000e+02 -8.236230878023665936e-01
1.480000000000000000e+02 -9.164119460460264932e-01
1.490000000000000000e+02 -6.444994643876219564e-01
1.500000000000000000e+02 -1.365462778512471331e+00
1.510000000000000000e+02 -1.404373216679796199e+00
1.520000000000000000e+02 -1.448393056237096577e+00
1.530000000000000000e+02 -6.019962520827235597e-01
1.540000000000000000e+02 -1.171408214900862887e+00
1.550000000000000000e+02 -1.592431217745144956e+00
1.560000000000000000e+02 -1.360310462661548092e+00
1.570000000000000000e+02 -1.289779785249924204e+00
1.580000000000000000e+02 -7.013474355556459372e-01
1.590000000000000000e+02 -8.768701208440780048e-01
1.600000000000000000e+02 -4.785438976989214166e-01
1.610000000000000000e+02 -7.690523545388370241e-01
1.620000000000000000e+02 -7.261336467027473818e-01
1.630000000000000000e+02 -3.175904491408042540e-01
1.640000000000000000e+02 4.561354232559496763e-02
1.650000000000000000e+02 2.930930051571401518e-01
1.660000000000000000e+02 1.009185704436842412e+00
1.670000000000000000e+02 1.178804628181990388e+00
1.680000000000000000e+02 1.473503768632970390e+00
1.690000000000000000e+02 1.628759649883259719e+00
1.700000000000000000e+02 8.151287801537945299e-01
1.710000000000000000e+02 8.385063705527961986e-01
1.720000000000000000e+02 1.433756356721268110e+00
1.730000000000000000e+02 1.631337897509609614e-01
1.740000000000000000e+02 1.458042800807955452e-01
1.750000000000000000e+02 -1.810988855610575488e-01
1.760000000000000000e+02 4.608909601849245363e-01
1.770000000000000000e+02 5.446309771429809210e-01
1.780000000000000000e+02 2.338780153524854799e-01
1.790000000000000000e+02 3.247547123725477158e-01
1.800000000000000000e+02 7.436435698745043066e-01
1.810000000000000000e+02 7.931925011735213582e-01
1.820000000000000000e+02 6.116923759346637457e-01
1.830000000000000000e+02 7.312989651056890361e-01
1.840000000000000000e+02 -1.996804189878962077e-01
1.850000000000000000e+02 -8.354676873168822571e-01
