  1.00000      26.82400
  2.00000      29.58550
  3.00000      30.85500
  4.00000      32.56500
  5.00000      33.58250
  6.00000      36.56500
  7.00000      37.33200
  8.00000      40.21700
  9.00000      40.09200
 10.00000      37.42050
 11.00000      37.48500
 12.00000      40.38350
 13.00000      42.06050
 14.00000      41.37100
 15.00000      42.75650
 16.00000      39.62700
 17.00000      42.00850
 18.00000      40.50000
 19.00000      38.64600
 20.00000      40.58100
 21.00000      40.76650
 22.00000      40.27050
 23.00000      37.38550
 24.00000      32.68000
 25.00000      31.66150
 26.00000      33.75300
 27.00000      35.45450
 28.00000      37.29500
 29.00000      42.42650
 30.00000      41.16200
 31.00000      36.69850
 32.00000      35.39200
 33.00000      39.38700
 34.00000      36.60250
 35.00000      37.45700
 36.00000      37.71900
 37.00000      35.93300
 38.00000      33.24850
 39.00000      34.31650
 40.00000      38.15200
 41.00000      35.34700
 42.00000      35.47200
 43.00000      35.33350
 44.00000      35.78950
 45.00000      36.51800
 46.00000      35.54900
 47.00000      35.64000
 48.00000      37.21650
 49.00000      38.01300
 50.00000      37.07500
 51.00000      37.13700
 52.00000      39.08900
 53.00000      37.50650
 54.00000      37.04650
 55.00000      40.11550
 56.00000      37.42950
 57.00000      32.51400
 58.00000      30.03750
 59.00000      30.06350
 60.00000      31.88700
 61.00000      43.35550
 62.00000      35.41200
 63.00000      37.91350
 64.00000      38.17900
 65.00000      38.93050
 66.00000      38.35150
 67.00000      35.53900
 68.00000      37.23900
 69.00000      36.80550
 70.00000      38.14750
 71.00000      33.35600
 72.00000      33.38400
 73.00000      33.78600
 74.00000      29.65750
 75.00000      29.28950
 76.00000      30.01000
 77.00000      30.79200
 78.00000      32.64150
 79.00000      35.35550
 80.00000      42.97250
 81.00000      40.14950
 82.00000      42.40150
 83.00000      40.53400
 84.00000      41.67950
 85.00000      40.61600
 86.00000      42.79450
 87.00000      41.51400
 88.00000      43.39250
 89.00000      37.54800
 90.00000      35.03400
 91.00000      37.66850
 92.00000      41.42700
 93.00000      36.58300
 94.00000      41.52300
 95.00000      37.62800
 96.00000      35.47350
 97.00000      31.49750
 98.00000      30.25300
 99.00000      30.19800
100.00000      31.34600
101.00000      33.27350
102.00000      36.52550
103.00000      38.13950
104.00000      37.37500
105.00000      38.88050
106.00000      38.18400
107.00000      37.88600
108.00000      39.79600
109.00000      41.99950
110.00000      41.43450
111.00000      38.33000
112.00000      39.72850
113.00000      37.60950
114.00000      39.79550
115.00000      44.30850
116.00000      39.55950
117.00000      40.23200
118.00000      42.05450
119.00000      36.47950
120.00000      36.80800
121.00000      39.55200
122.00000      34.96400
123.00000      35.14950
124.00000      33.84350
125.00000      31.48600
126.00000      30.58200
127.00000      29.81800
128.00000      29.03300
129.00000      28.82100
130.00000      29.50200
131.00000      27.71850
132.00000      28.07650
133.00000      28.05750
134.00000      29.12750
135.00000      29.95250
136.00000      30.90600
137.00000      31.09350
138.00000      30.72700
139.00000      31.63100
140.00000      31.53500
141.00000      31.85650
142.00000      32.49900
143.00000      31.55700
144.00000      31.77750
145.00000      31.54800
146.00000      33.64200
147.00000      32.55050
148.00000      32.18300
149.00000      33.18200
150.00000      37.04150
151.00000      36.08950
152.00000      35.94750
153.00000      32.33500
154.00000      31.27850
155.00000      31.90350
156.00000      31.07700
157.00000      32.02400
158.00000      34.02000
159.00000      34.41750
160.00000      34.10000
161.00000      32.77800
162.00000      33.05550
163.00000      34.66750
164.00000      36.37100
165.00000      38.75800
166.00000      38.11750
167.00000      39.97700
168.00000      40.31950
169.00000      39.34900
170.00000      33.44000
171.00000      35.40850
172.00000      32.31250
173.00000      31.41850
174.00000      33.25850
175.00000      37.33350
176.00000      34.86950
177.00000      32.04250
178.00000      33.69150
179.00000      36.80350
180.00000      32.94450
181.00000      35.00700
182.00000      34.03400
183.00000      33.57700
184.00000      34.27350
185.00000      31.26900
186.00000      30.02100
187.00000      27.48350
188.00000      27.54750
189.00000      28.66750
190.00000      30.04950
191.00000      31.45950
192.00000      33.02750
193.00000      32.15000
194.00000      32.90900
195.00000      33.46700
196.00000      33.98300
197.00000      38.02350
198.00000      32.29400
199.00000      31.07000
200.00000      29.76000
201.00000      30.80350
202.00000      34.47900
203.00000      34.28300
204.00000      38.64200
205.00000      39.64050
206.00000      42.31850
207.00000      41.76550
208.00000      41.16800
209.00000      40.78000
210.00000      39.01300
211.00000      38.44350
212.00000      40.55350
213.00000      41.18700
214.00000      39.54500
215.00000      34.90900
216.00000      33.65500
217.00000      31.36200
218.00000      29.75950
219.00000      28.73750
220.00000      27.22400
221.00000      27.42600
222.00000      27.86450
223.00000      29.03100
224.00000      31.43400
225.00000      32.51350
226.00000      33.22050
227.00000      34.21300
228.00000      36.78450
229.00000      35.25450
230.00000      39.65500
231.00000      36.66350
232.00000      32.53700
233.00000      31.19400
234.00000      30.85650
235.00000      31.02200
236.00000      31.52650
237.00000      29.09300
238.00000      31.53200
239.00000      33.39600
240.00000      31.94350
241.00000      30.88050
242.00000      32.65450
243.00000      32.17300
244.00000      34.81000
245.00000      33.97950
246.00000      32.14600
247.00000      33.14300
248.00000      34.46750
249.00000      32.48800
250.00000      31.82500
251.00000      33.16350
252.00000      31.64000
253.00000      31.35950
254.00000      32.88550
255.00000      35.24950
256.00000      35.81700
257.00000      35.99000
258.00000      41.34450
259.00000      34.23400
260.00000      34.82550
261.00000      35.07250
262.00000      36.42400
263.00000      36.45450
264.00000      37.87700
265.00000      36.92150
266.00000      38.83350
267.00000      40.25700
268.00000      39.39100
269.00000      38.18150
270.00000      34.71450
271.00000      37.61000
272.00000      36.99700
273.00000      37.71350
274.00000      39.40600
275.00000      37.38000
276.00000      36.35950
277.00000      35.20650
278.00000      37.88800
279.00000      34.81100
280.00000      33.97500
281.00000      35.39600
282.00000      38.31700
283.00000      43.03200
284.00000      44.08050
285.00000      41.37750
286.00000      40.70600
287.00000      38.94950
288.00000      41.84800
289.00000      40.26000
290.00000      35.61950
291.00000      35.74650
292.00000      35.77300
293.00000      34.26100
294.00000      32.66250
295.00000      32.52900
296.00000      34.15200
297.00000      38.86950
298.00000      34.84450
299.00000      34.12650
300.00000      35.67600
301.00000      35.57800
302.00000      36.90300
303.00000      37.74150
304.00000      35.37350
305.00000      35.99600
306.00000      33.34800
307.00000      34.55450
308.00000      38.94800
309.00000      40.23150
310.00000      34.50550
311.00000      36.52300
312.00000      33.47200
313.00000      33.34700
314.00000      35.73700
315.00000      34.93800
316.00000      36.64750
317.00000      31.09550
318.00000      30.05650
319.00000      31.16450
320.00000      30.29900
