207.00000      27.19650
208.00000      28.83150
209.00000      29.23900
210.00000      31.09950
211.00000      32.43600
212.00000      31.77550
213.00000      33.20200
214.00000      34.56850
215.00000      34.60550
216.00000      37.60950
217.00000      35.53700
218.00000      37.89650
219.00000      37.61400
220.00000      37.22650
221.00000      38.74450
222.00000      42.77500
223.00000      37.74100
224.00000      42.16150
225.00000      41.68650
226.00000      44.35750
227.00000      41.61000
228.00000      42.75600
229.00000      45.04250
230.00000      48.22100
231.00000      39.91350
232.00000      41.48950
233.00000      39.09450
234.00000      44.78550
235.00000      36.70950
236.00000      36.45100
237.00000      35.14000
238.00000      33.51150
239.00000      30.86650
240.00000      31.23950
241.00000      32.58250
242.00000      33.88150
243.00000      34.82850
244.00000      36.94750
245.00000      34.62800
246.00000      35.66500
247.00000      37.46650
248.00000      37.24150
249.00000      37.52650
250.00000      34.74250
251.00000      34.62300
252.00000      32.79500
253.00000      33.53700
254.00000      35.29800
255.00000      35.40650
256.00000      34.38000
257.00000      33.98600
258.00000      34.59500
259.00000      40.07750
260.00000      37.13650
261.00000      36.31600
262.00000      36.78700
263.00000      41.56750
264.00000      36.63650
265.00000      39.40150
266.00000      33.82950
267.00000      34.57150
268.00000      35.74200
269.00000      36.56200
270.00000      38.65650
271.00000      36.75850
272.00000      39.17600
273.00000      37.77400
274.00000      40.98600
275.00000      43.59100
276.00000      40.80100
277.00000      36.52050
278.00000      39.40100
279.00000      41.32750
280.00000      45.52800
281.00000      42.90600
282.00000      39.45800
283.00000      39.49550
284.00000      35.16000
285.00000      35.87050
286.00000      40.56500
287.00000      42.73550
288.00000      45.53250
289.00000      38.20200
290.00000      39.83200
291.00000      43.76500
292.00000      38.62800
293.00000      38.91200
294.00000      37.99750
295.00000      45.10500
296.00000      41.08100
297.00000      39.10800
298.00000      41.38750
299.00000      42.44700
300.00000      38.93600
301.00000      40.81950
302.00000      38.61150
303.00000      35.87050
304.00000      34.29850
305.00000      34.93000
306.00000      37.23450
307.00000      35.20700
308.00000      35.13950
309.00000      36.22800
310.00000      35.46750
311.00000      33.60700
312.00000      35.93250
313.00000      37.24150
314.00000      38.81200
315.00000      36.32650
316.00000      37.98300
317.00000      39.67600
318.00000      39.21800
319.00000      44.22450
320.00000      39.22900
321.00000      38.69150
322.00000      41.33750
323.00000      43.95700
324.00000      48.36100
325.00000      46.11100
326.00000      43.10350
327.00000      42.39250
328.00000      40.40100
329.00000      40.33200
330.00000      39.08800
331.00000      38.12350
332.00000      38.90200
333.00000      39.42450
334.00000      39.65200
335.00000      35.61500
336.00000      36.33350
337.00000      37.50500
338.00000      37.84950
339.00000      39.59700
340.00000      41.81400
341.00000      39.44400
342.00000      39.34150
343.00000      44.73900
344.00000      37.95250
345.00000      40.14100
346.00000      37.83300
347.00000      40.55050
348.00000      42.73450
349.00000      39.31600
350.00000      45.02650
351.00000      37.91600
352.00000      39.10650
353.00000      41.05150
354.00000      41.37700
355.00000      37.24200
356.00000      39.07850
357.00000      45.11300
358.00000      36.80800
359.00000      34.16700
360.00000      34.77950
361.00000      35.05300
362.00000      37.63150
363.00000      38.69850
364.00000      37.72700
365.00000      41.28400
366.00000      36.56650
367.00000      44.34500
368.00000      41.18300
369.00000      41.08900
370.00000      41.11900
371.00000      37.57800
372.00000      35.49500
373.00000      39.58900
374.00000      37.79750
375.00000      37.31450
376.00000      36.67000
377.00000      38.52300
378.00000      43.45000
379.00000      42.72900
380.00000      43.63250
381.00000      46.69250
382.00000      40.88900
383.00000      40.64850
384.00000      41.52400
385.00000      41.58000
386.00000      42.40950
387.00000      41.55200
388.00000      41.77550
389.00000      40.74150
390.00000      40.23550
391.00000      41.78150
392.00000      39.99550
393.00000      39.57200
394.00000      36.95450
395.00000      38.32300
396.00000      43.84200
397.00000      45.55400
398.00000      36.66650
399.00000      35.71500
400.00000      37.66550
401.00000      36.37100
402.00000      37.23650
403.00000      35.37400
404.00000      36.61350
405.00000      34.84950
406.00000      36.54250
407.00000      35.82750
408.00000      36.42600
409.00000      36.53000
410.00000      38.89550
411.00000      36.45700
412.00000      36.50600
413.00000      38.37400
414.00000      38.68350
415.00000      37.95700
416.00000      37.73700
417.00000      39.66900
418.00000      40.14450
419.00000      38.26600
420.00000      39.65800
421.00000      38.63500
422.00000      39.44150
423.00000      34.38450
424.00000      32.94250
425.00000      33.04250
426.00000      33.53400
427.00000      35.86200
428.00000      34.21950
429.00000      34.29050
430.00000      36.91900
431.00000      37.23350
432.00000      37.20700
433.00000      35.95950
434.00000      38.33700
435.00000      39.48900
436.00000      36.93900
437.00000      35.42650
438.00000      38.69200
439.00000      35.69850
440.00000      36.96050
441.00000      38.63400
442.00000      41.57600
443.00000      47.89050
444.00000      39.62300
445.00000      41.25100
446.00000      39.60350
447.00000      39.40250
448.00000      43.04850
449.00000      39.34400
450.00000      38.40200
451.00000      36.23550
452.00000      35.92650
453.00000      37.38050
454.00000      36.78050
455.00000      36.21100
456.00000      36.02200
457.00000      39.94200
458.00000      35.52050
459.00000      36.36400
460.00000      38.96050
461.00000      35.07450
462.00000      37.05200
463.00000      38.45000
464.00000      37.88650
465.00000      39.61050
466.00000      36.74200
467.00000      34.71050
468.00000      35.70450
469.00000      36.42150
470.00000      37.30050
471.00000      40.26700
472.00000      41.43650
473.00000      44.17550
474.00000      41.07200
475.00000      39.43800
476.00000      36.37700
477.00000      33.76200
