3.000000000000000000e+00 -2.551764264723793474e+00
4.000000000000000000e+00 -2.074445951006435696e+00
5.000000000000000000e+00 -1.566394456839170113e+00
6.000000000000000000e+00 -1.168388966439041887e+00
7.000000000000000000e+00 -1.194285845235986354e+00
8.000000000000000000e+00 -1.141842488806026790e+00
9.000000000000000000e+00 -7.462004130659428691e-01
1.000000000000000000e+01 -6.835945938939969047e-01
1.100000000000000000e+01 -7.235023820906548719e-01
1.200000000000000000e+01 -9.084740478869556268e-01
1.300000000000000000e+01 -1.228388534320659975e+00
1.400000000000000000e+01 -1.120684453982210060e+00
1.500000000000000000e+01 -1.410123890969512406e+00
1.600000000000000000e+01 -1.210783205496286374e+00
1.700000000000000000e+01 -8.317450012620652977e-01
1.800000000000000000e+01 3.993339669308909601e-02
1.900000000000000000e+01 7.306258512990981835e-01
2.000000000000000000e+01 6.380130762020805868e-01
2.100000000000000000e+01 7.946934862255415899e-01
2.200000000000000000e+01 6.895947067727821178e-01
2.300000000000000000e+01 2.145985997077450580e-01
2.400000000000000000e+01 -2.252127139000303646e-01
2.500000000000000000e+01 -8.006049267583360551e-01
2.600000000000000000e+01 -1.077110262822072118e+00
2.700000000000000000e+01 -1.024170602882843450e+00
2.800000000000000000e+01 -7.358311796275835981e-01
2.900000000000000000e+01 -1.551917991401293995e-01
3.000000000000000000e+01 -3.805785989161143967e-01
3.100000000000000000e+01 8.169706148838369597e-02
3.200000000000000000e+01 -4.472810357282647753e-01
3.300000000000000000e+01 -3.672595731191841129e-01
3.400000000000000000e+01 -5.080699613735072395e-01
3.500000000000000000e+01 -9.343048323577398673e-01
3.600000000000000000e+01 -8.710636814069047107e-01
3.700000000000000000e+01 -3.889062642656229141e-01
3.800000000000000000e+01 1.160173607676487917e+00
3.900000000000000000e+01 9.830361219724408350e-01
4.000000000000000000e+01 9.637243168652823710e-01
4.100000000000000000e+01 4.823154944671076416e-01
4.200000000000000000e+01 2.588964004064699398e-01
4.300000000000000000e+01 5.385645568136233630e-01
4.400000000000000000e+01 -3.858953163888980131e-01
4.500000000000000000e+01 -2.846981513179915324e-01
4.600000000000000000e+01 6.350985977364902169e-02
4.700000000000000000e+01 5.138723626153456348e-01
4.800000000000000000e+01 6.539070228976709975e-01
4.900000000000000000e+01 1.633746969957640571e+00
5.000000000000000000e+01 7.476897131651881745e-01
5.100000000000000000e+01 7.070115368423333102e-01
5.200000000000000000e+01 4.876758866047615215e-01
5.300000000000000000e+01 1.685415658693615537e+00
5.400000000000000000e+01 6.670867127795088170e-01
5.500000000000000000e+01 5.041953753619301537e-01
5.600000000000000000e+01 -2.382871121306974205e-01
5.700000000000000000e+01 -7.660538389540779702e-01
5.800000000000000000e+01 -8.205448394702596904e-01
5.900000000000000000e+01 -3.471314967662248452e-01
6.000000000000000000e+01 1.202705265358485542e+00
6.100000000000000000e+01 9.360337058482183226e-01
6.200000000000000000e+01 3.096383676907473181e-01
6.300000000000000000e+01 6.307575277357768684e-01
6.400000000000000000e+01 4.171797365544842040e-01
6.500000000000000000e+01 1.082789693787362451e+00
6.600000000000000000e+01 -1.569486468697191550e-01
6.700000000000000000e+01 -2.892175287267569339e-01
6.800000000000000000e+01 -6.026859697403061933e-01
6.900000000000000000e+01 -1.571303554502173350e-01
7.000000000000000000e+01 -6.237043719909265427e-01
7.100000000000000000e+01 -5.294415405870104285e-01
7.200000000000000000e+01 -8.315829874832670887e-01
7.300000000000000000e+01 -5.334930936642299226e-01
7.400000000000000000e+01 7.116538027143171075e-02
7.500000000000000000e+01 3.314874400924034403e-01
7.600000000000000000e+01 1.658235810521381026e+00
7.700000000000000000e+01 1.434886524506840288e+00
7.800000000000000000e+01 1.131482489745566644e+00
7.900000000000000000e+01 1.605089753455275936e+00
8.000000000000000000e+01 1.918634787195552693e+00
8.100000000000000000e+01 6.672981750688213864e-01
8.200000000000000000e+01 9.807933153114587466e-01
8.300000000000000000e+01 5.375342906973310519e-01
8.400000000000000000e+01 -2.237963088096432962e-01
8.500000000000000000e+01 -6.870476667208652577e-01
8.600000000000000000e+01 -8.487938159700321172e-01
8.700000000000000000e+01 -1.752801947252512482e-01
8.800000000000000000e+01 3.013097739112249318e-01
8.900000000000000000e+01 2.090124457517777756e+00
9.000000000000000000e+01 1.534537705327605472e+00
9.100000000000000000e+01 2.054189179495408357e+00
9.200000000000000000e+01 1.328878224278540854e+00
9.300000000000000000e+01 1.603631596484000221e+00
9.400000000000000000e+01 1.906135081630458306e+00
9.500000000000000000e+01 3.091271433777578737e-01
9.600000000000000000e+01 4.545193500774541429e-01
9.700000000000000000e+01 -1.436482061534459509e-01
9.800000000000000000e+01 -4.797578461412472794e-01
9.900000000000000000e+01 -4.343253611683338677e-01
1.000000000000000000e+02 5.744063380911657024e-01
1.010000000000000000e+02 -9.403825712518814051e-01
1.020000000000000000e+02 -1.422213307393637827e+00
1.030000000000000000e+02 -1.546715009939888752e+00
1.040000000000000000e+02 -1.587291229268400494e+00
1.050000000000000000e+02 -1.387189912424288796e+00
1.060000000000000000e+02 -1.253461280432111025e+00
1.070000000000000000e+02 -8.641764669349533134e-01
1.080000000000000000e+02 -7.378503335487626158e-01
1.090000000000000000e+02 -3.474250399571245373e-01
1.100000000000000000e+02 -5.752534622584093427e-01
1.110000000000000000e+02 -2.497422680412693385e-01
1.120000000000000000e+02 -5.076704672912234484e-01
1.130000000000000000e+02 -6.440365436236712426e-01
1.140000000000000000e+02 -1.151153882814023310e-01
1.150000000000000000e+02 5.059685887300777729e-01
1.160000000000000000e+02 -1.628887693670110770e-01
1.170000000000000000e+02 -3.593373679759738204e-01
1.180000000000000000e+02 1.575049902034545979e-01
1.190000000000000000e+02 1.763134131502923641e+00
1.200000000000000000e+02 2.112057379782328770e+00
1.210000000000000000e+02 1.409047444596574383e+00
1.220000000000000000e+02 1.612849274592087268e+00
1.230000000000000000e+02 1.446894782965658210e+00
1.240000000000000000e+02 5.846087068413948762e-01
1.250000000000000000e+02 1.574098398644140084e-01
1.260000000000000000e+02 1.456221971862381226e+00
1.270000000000000000e+02 -5.707503076528230856e-01
1.280000000000000000e+02 -1.182244740132985639e+00
1.290000000000000000e+02 -1.259084258938474532e+00
1.300000000000000000e+02 -1.254390490515684187e+00
1.310000000000000000e+02 -1.177831505894012531e+00
1.320000000000000000e+02 -1.469267050862998802e+00
1.330000000000000000e+02 -1.647316337215031457e+00
1.340000000000000000e+02 -1.605560715150469164e+00
1.350000000000000000e+02 -1.647204656427352809e+00
1.360000000000000000e+02 -1.319355516197550537e+00
1.370000000000000000e+02 -8.808871957875260561e-01
1.380000000000000000e+02 -1.136798871991901438e-01
1.390000000000000000e+02 1.896299091720188845e-01
1.400000000000000000e+02 1.257669803621505045e+00
1.410000000000000000e+02 1.592786116920234862e+00
1.420000000000000000e+02 1.592807525746532615e+00
1.430000000000000000e+02 1.405125261919711877e+00
1.440000000000000000e+02 1.402790689019516535e+00
1.450000000000000000e+02 1.974158734738272525e+00
1.460000000000000000e+02 6.413862271390819991e-01
1.470000000000000000e+02 8.977324866700407691e-02
1.480000000000000000e+02 5.861781160941836877e-01
1.490000000000000000e+02 1.280756011721850163e+00
1.500000000000000000e+02 -2.288645806165470753e-01
1.510000000000000000e+02 -4.958784011703107342e-01
1.520000000000000000e+02 -3.031126700494231607e-01
1.530000000000000000e+02 1.899110201910362838e-01
1.540000000000000000e+02 5.449503202089207576e-01
1.550000000000000000e+02 4.131581679201401514e-01
1.560000000000000000e+02 -5.688147448003988416e-02
1.570000000000000000e+02 -6.093859874568915425e-01
1.580000000000000000e+02 -8.597796203092208378e-01
1.590000000000000000e+02 -2.911191675842746407e-01
1.600000000000000000e+02 -3.874145354859379053e-01
1.610000000000000000e+02 -1.476498437583459999e-01
1.620000000000000000e+02 -6.112382821836152003e-01
1.630000000000000000e+02 -4.518037252274024335e-02
1.640000000000000000e+02 -1.058174554262921063e+00
1.650000000000000000e+02 -1.333330343182334232e+00
1.660000000000000000e+02 -1.317636739590914985e+00
1.670000000000000000e+02 -1.135269885743808826e+00
1.680000000000000000e+02 -4.562959974673748698e-01
1.690000000000000000e+02 -7.551774684921329639e-01
1.700000000000000000e+02 -5.785165200779294192e-01
1.710000000000000000e+02 -7.036573175660306712e-01
1.720000000000000000e+02 -5.297344355250165338e-01
1.730000000000000000e+02 -1.478407432463155480e-01
1.740000000000000000e+02 2.248290685725345961e-01
1.750000000000000000e+02 9.809513791425950036e-01
1.760000000000000000e+02 1.334029906454821557e+00
1.770000000000000000e+02 1.733741016125435630e+00
1.780000000000000000e+02 1.561715938361325495e+00
1.790000000000000000e+02 1.082098985829648807e+00
1.800000000000000000e+02 1.483757441679981692e+00
1.810000000000000000e+02 1.759301023167719302e+00
1.820000000000000000e+02 2.870803483518162835e-01
1.830000000000000000e+02 1.312293394419479786e-01
1.840000000000000000e+02 -2.735450586866334383e-02
1.850000000000000000e+02 -1.333481929386582943e-01
1.860000000000000000e+02 1.618042753614414020e-02
1.870000000000000000e+02 -1.969474321920223203e-01
1.880000000000000000e+02 2.105314446118823346e-01
1.890000000000000000e+02 6.704113436360098488e-01
1.900000000000000000e+02 1.276832730311296960e+00
1.910000000000000000e+02 8.488564433124273778e-01
1.920000000000000000e+02 5.415946446315417218e-01
1.930000000000000000e+02 -1.332052147213251270e-01
1.940000000000000000e+02 -6.950472611727284145e-01
1.950000000000000000e+02 -6.652422854650497097e-01
1.960000000000000000e+02 -1.683440004118844646e+00
1.970000000000000000e+02 -2.371754139742081158e+00
