2.000000000000000000e+00 -2.632447128411773196e+00
3.000000000000000000e+00 -2.089775355866681839e+00
4.000000000000000000e+00 -1.551937176205573365e+00
5.000000000000000000e+00 -1.304169974380825270e+00
6.000000000000000000e+00 -1.009495777240702941e+00
7.000000000000000000e+00 -1.259159398010837982e+00
8.000000000000000000e+00 -9.734160844624423214e-01
9.000000000000000000e+00 -9.680599760371180196e-01
1.000000000000000000e+01 -7.624578062841765869e-01
1.100000000000000000e+01 -8.423039772163746219e-01
1.200000000000000000e+01 -1.107653745530201128e+00
1.300000000000000000e+01 -9.257798939624924950e-01
1.400000000000000000e+01 -5.935589544449751953e-01
1.500000000000000000e+01 -7.681258075654273654e-01
1.600000000000000000e+01 -8.988640037891310053e-01
1.700000000000000000e+01 -3.928361477916467726e-01
1.800000000000000000e+01 4.807268728969613658e-01
1.900000000000000000e+01 7.333284526457478636e-01
2.000000000000000000e+01 6.172811931918079642e-01
2.100000000000000000e+01 8.853216923314127795e-01
2.200000000000000000e+01 6.158658253980205943e-01
2.300000000000000000e+01 6.824121624790084883e-01
2.400000000000000000e+01 1.988093570282113975e-01
2.500000000000000000e+01 -8.009605847459922989e-01
2.600000000000000000e+01 -7.765329028992703497e-01
2.700000000000000000e+01 -8.013376894541158757e-01
2.800000000000000000e+01 -5.160728756770739389e-01
2.900000000000000000e+01 -6.853844534334888050e-02
3.000000000000000000e+01 -1.629063233823331014e-01
3.100000000000000000e+01 1.960296787822993769e-01
3.200000000000000000e+01 -7.494894585962508238e-02
3.300000000000000000e+01 1.926209395930943147e-01
3.400000000000000000e+01 -4.139958564618967385e-01
3.500000000000000000e+01 -4.708247830515727150e-01
3.600000000000000000e+01 -7.479498254842630312e-01
3.700000000000000000e+01 -2.082398307475830102e-01
3.800000000000000000e+01 1.303425576640552030e+00
3.900000000000000000e+01 9.000898247091529969e-01
4.000000000000000000e+01 7.087777098190297664e-01
4.100000000000000000e+01 4.499701681787625640e-01
4.200000000000000000e+01 2.288038235111155005e-01
4.300000000000000000e+01 6.622452618842618044e-01
4.400000000000000000e+01 -1.626561096982571675e-01
4.500000000000000000e+01 -1.063686645046501705e-01
4.600000000000000000e+01 7.616236076745966366e-02
4.700000000000000000e+01 6.264111617586788361e-01
4.800000000000000000e+01 9.068976268738415669e-01
4.900000000000000000e+01 1.730569530532720224e+00
5.000000000000000000e+01 1.190540089902970333e+00
5.100000000000000000e+01 7.550538183781877466e-01
5.200000000000000000e+01 4.864465678781021984e-01
5.300000000000000000e+01 2.107668779061083963e+00
5.400000000000000000e+01 8.241270151152817469e-01
5.500000000000000000e+01 5.183940445705563504e-02
5.600000000000000000e+01 -1.878336059262195046e-01
5.700000000000000000e+01 -6.648214733395830800e-01
5.800000000000000000e+01 -1.029122879517776923e+00
5.900000000000000000e+01 -7.397313241353864477e-01
6.000000000000000000e+01 4.235688182532166279e-01
6.100000000000000000e+01 4.759236586852203521e-01
6.200000000000000000e+01 2.212013526296394972e-01
6.300000000000000000e+01 1.589156064878406716e-01
6.400000000000000000e+01 3.307481233743804760e-01
6.500000000000000000e+01 1.171582460291557659e+00
6.600000000000000000e+01 -1.914770661524515249e-01
6.700000000000000000e+01 -2.079019661489816539e-01
6.800000000000000000e+01 -5.488602947200000859e-01
6.900000000000000000e+01 -3.041920326687454490e-01
7.000000000000000000e+01 -6.221185460775615628e-01
7.100000000000000000e+01 -5.420317187295390360e-01
7.200000000000000000e+01 -8.040569731392398500e-01
7.300000000000000000e+01 -7.683141279758305409e-01
7.400000000000000000e+01 2.018896728998291132e-02
7.500000000000000000e+01 2.203015658565066759e-01
7.600000000000000000e+01 9.646367479650070909e-01
7.700000000000000000e+01 1.335185824262620224e+00
7.800000000000000000e+01 9.023210929855779439e-01
7.900000000000000000e+01 1.765901413160868572e+00
8.000000000000000000e+01 2.012788763472717068e+00
8.100000000000000000e+01 4.102881881476193038e-01
8.200000000000000000e+01 9.061456060541845936e-01
8.300000000000000000e+01 5.865394518133372204e-01
8.400000000000000000e+01 -3.791609517833801624e-01
8.500000000000000000e+01 -7.377197540835134237e-01
8.600000000000000000e+01 -8.370603971499802620e-01
8.700000000000000000e+01 -2.192767330390985592e-01
8.800000000000000000e+01 5.066657806892018723e-01
8.900000000000000000e+01 2.080410801725050884e+00
9.000000000000000000e+01 1.754792483441871997e+00
9.100000000000000000e+01 2.069182391284606126e+00
9.200000000000000000e+01 1.327213819551975593e+00
9.300000000000000000e+01 1.329678875143504246e+00
9.400000000000000000e+01 2.111719877296775127e+00
9.500000000000000000e+01 4.243362187217297188e-01
9.600000000000000000e+01 2.148551778218410480e-01
9.700000000000000000e+01 -2.682172497922473697e-01
9.800000000000000000e+01 -4.615158788716482996e-01
9.900000000000000000e+01 -4.843341393426556785e-01
1.000000000000000000e+02 8.418039410432212044e-01
1.010000000000000000e+02 -6.588285368319852786e-01
1.020000000000000000e+02 -1.416285806633299948e+00
1.030000000000000000e+02 -1.822269986435199884e+00
1.040000000000000000e+02 -1.580045233004151450e+00
1.050000000000000000e+02 -1.229189065563148553e+00
1.060000000000000000e+02 -1.237179548452054023e+00
1.070000000000000000e+02 -1.015830134816387398e+00
1.080000000000000000e+02 -9.299576215421964109e-01
1.090000000000000000e+02 -3.844159803509701878e-01
1.100000000000000000e+02 -7.925156052809321228e-01
1.110000000000000000e+02 -5.236990345482648301e-01
1.120000000000000000e+02 -3.014664567684369190e-01
1.130000000000000000e+02 -6.275838167050787897e-01
1.140000000000000000e+02 -5.755160035791396789e-01
1.150000000000000000e+02 -1.082243684167217973e-01
1.160000000000000000e+02 -4.189491203800591590e-01
1.170000000000000000e+02 -6.786781384993493260e-01
1.180000000000000000e+02 6.953293517216685427e-02
1.190000000000000000e+02 1.428834682901743092e+00
1.200000000000000000e+02 2.263750697802677792e+00
1.210000000000000000e+02 1.589476150118961817e+00
1.220000000000000000e+02 1.417555453010587607e+00
1.230000000000000000e+02 1.324526121835601034e+00
1.240000000000000000e+02 7.359061198580245655e-01
1.250000000000000000e+02 3.448857912523184965e-01
1.260000000000000000e+02 1.284360420327118613e+00
1.270000000000000000e+02 -7.728589272135232280e-01
1.280000000000000000e+02 -9.112113580254087575e-01
1.290000000000000000e+02 -1.384501038403237461e+00
1.300000000000000000e+02 -1.593559971577619416e+00
1.310000000000000000e+02 -1.458862056973131205e+00
1.320000000000000000e+02 -1.368124650315369228e+00
1.330000000000000000e+02 -1.459399660746944827e+00
1.340000000000000000e+02 -1.404653058920076969e+00
1.350000000000000000e+02 -1.438210263288161261e+00
1.360000000000000000e+02 -8.274192782811167213e-01
1.370000000000000000e+02 -3.716854968186701358e-01
1.380000000000000000e+02 2.294752230933616577e-01
1.390000000000000000e+02 5.765419247475730424e-01
1.400000000000000000e+02 1.519858795712828892e+00
1.410000000000000000e+02 1.600037139703039513e+00
1.420000000000000000e+02 1.904598357622947491e+00
1.430000000000000000e+02 1.691905467965115539e+00
1.440000000000000000e+02 1.408771609805007818e+00
1.450000000000000000e+02 2.090776179541619761e+00
1.460000000000000000e+02 3.409519018796558498e-01
1.470000000000000000e+02 -1.447032630126753906e-02
1.480000000000000000e+02 6.198073748587277221e-01
1.490000000000000000e+02 1.442660481712860987e+00
1.500000000000000000e+02 -2.737070112914072872e-01
1.510000000000000000e+02 -4.332856115531386054e-01
1.520000000000000000e+02 -3.749671011456244818e-01
1.530000000000000000e+02 -1.100488907746671047e-01
1.540000000000000000e+02 1.832108336210084079e-02
1.550000000000000000e+02 8.764750310358579433e-02
1.560000000000000000e+02 -2.550981476306594109e-01
1.570000000000000000e+02 -9.497712362585853940e-01
1.580000000000000000e+02 -1.135753196624256445e+00
1.590000000000000000e+02 -5.405861506817205564e-01
1.600000000000000000e+02 -8.357664013105974288e-01
1.610000000000000000e+02 -8.030313480094236622e-01
1.620000000000000000e+02 -8.683202055093478533e-01
1.630000000000000000e+02 -2.192583321753931724e-01
1.640000000000000000e+02 -1.317086185312350111e+00
1.650000000000000000e+02 -1.675740607873277499e+00
1.660000000000000000e+02 -1.609086000681093642e+00
1.670000000000000000e+02 -1.244488580866801808e+00
1.680000000000000000e+02 -4.920676762340720489e-01
1.690000000000000000e+02 -7.304385905916680466e-01
1.700000000000000000e+02 -3.481950695671759410e-01
1.710000000000000000e+02 -6.427235287740190595e-01
1.720000000000000000e+02 -3.140197769751313372e-01
1.730000000000000000e+02 1.471252679256103701e-01
1.740000000000000000e+02 1.854504132272229711e-01
1.750000000000000000e+02 9.054460818163105884e-01
1.760000000000000000e+02 1.306564892452785287e+00
1.770000000000000000e+02 1.706937873381140669e+00
1.780000000000000000e+02 1.669075431892885764e+00
1.790000000000000000e+02 1.189838858797657828e+00
1.800000000000000000e+02 1.471955429905200452e+00
1.810000000000000000e+02 1.599508783939255885e+00
1.820000000000000000e+02 2.716197905975792914e-01
1.830000000000000000e+02 4.117029195831585775e-01
1.840000000000000000e+02 1.107718459444723136e-01
1.850000000000000000e+02 1.137036673370322715e-01
1.860000000000000000e+02 1.916528721747023933e-01
1.870000000000000000e+02 -1.830032275589745308e-02
1.880000000000000000e+02 2.464122784810594269e-01
1.890000000000000000e+02 4.310822644000417703e-01
1.900000000000000000e+02 9.181844633276012857e-01
1.910000000000000000e+02 1.318049133761665659e-01
1.920000000000000000e+02 -3.011276703424726753e-01
1.930000000000000000e+02 -1.019461498288635637e+00
1.940000000000000000e+02 -1.970300522208856764e+00
